4/27/2015,0.0,0.0,1.0
4/28/2015,0.0,0.125,0.875
5/07/2015,0.0,0.0,1.0
8/05/2015,0.0,0.5,0.5
8/06/2015,0.0,0.0,1.0
8/07/2015,0.3333333333333333,0.3333333333333333,0.3333333333333333
8/08/2015,0.3333333333333333,0.0,0.6666666666666666
8/09/2015,0.25,0.0,0.75
8/10/2015,0.2857142857142857,0.2857142857142857,0.42857142857142855
8/11/2015,0.25,0.0,0.75
8/12/2015,0.0,0.0,1.0
8/13/2015,0.0,0.0,1.0
8/14/2015,0.0,0.0,1.0
5/08/2015,0.0,0.0,1.0
8/15/2015,0.3333333333333333,0.6666666666666666,0.0
8/16/2015,0.0,0.5,0.5
8/17/2015,0.0,0.0,1.0
8/18/2015,0.1111111111111111,0.0,0.8888888888888888
8/19/2015,0.0,0.0,1.0
8/20/2015,0.13333333333333333,0.06666666666666667,0.8
8/21/2015,0.1111111111111111,0.1111111111111111,0.7777777777777778
8/22/2015,0.3333333333333333,0.3333333333333333,0.3333333333333333
8/23/2015,0.6666666666666666,0.0,0.3333333333333333
8/24/2015,0.0,0.0,1.0
5/09/2015,0.0,0.0,1.0
8/25/2015,0.0,0.0,1.0
8/26/2015,0.0,0.0,1.0
8/27/2015,0.0,1.0,0.0
8/28/2015,0.0,0.0,1.0
8/29/2015,0.0,0.0,1.0
8/30/2015,0.6666666666666666,0.0,0.3333333333333333
8/31/2015,0.25,0.0,0.75
9/01/2015,0.0,0.0,1.0
9/02/2015,0.0,0.5,0.5
9/03/2015,0.0,0.0,1.0
5/10/2015,0.14285714285714285,0.14285714285714285,0.7142857142857143
9/04/2015,0.0,0.0,1.0
9/05/2015,0.25,0.5,0.25
9/06/2015,0.0,1.0,0.0
9/07/2015,0.0,0.0,1.0
9/08/2015,0.0,0.0,1.0
9/09/2015,0.3333333333333333,0.0,0.6666666666666666
9/10/2015,0.5,0.0,0.5
9/11/2015,0.0,0.2,0.8
9/12/2015,0.0,0.0,1.0
9/13/2015,0.2857142857142857,0.0,0.7142857142857143
5/11/2015,0.16666666666666666,0.0,0.8333333333333334
9/14/2015,0.0,0.0,1.0
9/15/2015,0.0,0.0,1.0
9/16/2015,0.0,0.0,1.0
9/17/2015,0.5,0.0,0.5
9/18/2015,0.3333333333333333,0.3333333333333333,0.3333333333333333
9/19/2015,0.0,0.25,0.75
9/20/2015,0.2857142857142857,0.42857142857142855,0.2857142857142857
9/21/2015,0.0,0.3333333333333333,0.6666666666666666
9/22/2015,0.3333333333333333,0.0,0.6666666666666666
9/23/2015,0.0,0.0,1.0
5/12/2015,0.0,0.0,1.0
9/24/2015,0.0,0.0,1.0
9/25/2015,0.1111111111111111,0.1111111111111111,0.7777777777777778
9/26/2015,0.25,0.0,0.75
9/27/2015,0.0,0.0,1.0
9/28/2015,0.0,0.0,1.0
9/29/2015,0.5,0.0,0.5
9/30/2015,0.0,0.0,1.0
10/01/2015,0.0,0.0,1.0
10/02/2015,0.25,0.0,0.75
10/03/2015,0.2,0.0,0.8
5/13/2015,0.0,0.0,1.0
10/04/2015,0.3333333333333333,0.3333333333333333,0.3333333333333333
10/05/2015,0.0,0.0,1.0
10/06/2015,0.0,0.0,1.0
10/07/2015,0.0,0.0,1.0
10/08/2015,0.0,0.5,0.5
10/09/2015,0.0,0.2857142857142857,0.7142857142857143
10/10/2015,0.0,0.0,1.0
10/11/2015,0.2,0.2,0.6
10/12/2015,0.25,0.0,0.75
10/13/2015,0.0,0.0,1.0
5/14/2015,0.0,0.0,1.0
10/14/2015,0.5,0.0,0.5
10/15/2015,0.0,0.0,1.0
10/16/2015,0.14285714285714285,0.0,0.8571428571428571
10/17/2015,0.0,0.0,1.0
10/18/2015,0.3333333333333333,0.3333333333333333,0.3333333333333333
10/19/2015,0.5,0.0,0.5
10/20/2015,0.0,0.0,1.0
10/21/2015,0.0,0.5,0.5
10/22/2015,0.3333333333333333,0.6666666666666666,0.0
10/23/2015,0.23076923076923078,0.15384615384615385,0.6153846153846154
5/15/2015,0.2857142857142857,0.2857142857142857,0.42857142857142855
10/24/2015,0.3333333333333333,0.0,0.6666666666666666
10/25/2015,0.0,0.0,1.0
10/26/2015,0.1,0.2,0.7
10/27/2015,0.0,0.5,0.5
10/28/2015,0.0,0.0,1.0
10/29/2015,0.0,0.25,0.75
10/30/2015,0.0,0.0,1.0
10/31/2015,0.125,0.125,0.75
11/01/2015,0.0,0.25,0.75
11/02/2015,0.0,0.0,1.0
5/16/2015,0.0,0.0,1.0
11/03/2015,0.0,0.3333333333333333,0.6666666666666666
11/04/2015,0.0,0.14285714285714285,0.8571428571428571
11/05/2015,0.4,0.0,0.6
11/06/2015,0.0,0.0,1.0
11/07/2015,0.3333333333333333,0.3333333333333333,0.3333333333333333
11/08/2015,0.0,0.0,1.0
11/09/2015,0.0,0.0,1.0
11/10/2015,0.0,0.0,1.0
11/11/2015,0.6666666666666666,0.0,0.3333333333333333
11/12/2015,0.0,0.5,0.5
4/29/2015,0.25,0.25,0.5
5/17/2015,0.25,0.0,0.75
11/13/2015,0.0,0.0,1.0
11/14/2015,0.0,0.0,1.0
11/15/2015,0.5,0.0,0.5
11/16/2015,0.0,0.0,1.0
11/17/2015,0.0,0.0,1.0
11/18/2015,0.2,0.1,0.7
11/19/2015,0.0,0.5,0.5
11/20/2015,0.3333333333333333,0.3333333333333333,0.3333333333333333
11/21/2015,0.0,0.0,1.0
11/22/2015,0.16666666666666666,0.16666666666666666,0.6666666666666666
5/18/2015,0.0,1.0,0.0
11/23/2015,0.10526315789473684,0.0,0.8947368421052632
11/24/2015,0.3333333333333333,0.0,0.6666666666666666
11/25/2015,0.0,0.0,1.0
11/26/2015,0.0,0.0,1.0
11/27/2015,0.0,0.0,1.0
11/28/2015,0.5,0.0,0.5
11/29/2015,0.0,0.0,1.0
11/30/2015,0.0,0.5,0.5
12/01/2015,0.3333333333333333,0.0,0.6666666666666666
12/02/2015,0.0,0.0,1.0
5/19/2015,0.0,0.0,1.0
12/03/2015,0.2857142857142857,0.42857142857142855,0.2857142857142857
12/03/2015,0.2857142857142857,0.42857142857142855,0.2857142857142857
12/04/2015,0.0,0.0,1.0
12/05/2015,0.5,0.0,0.5
12/06/2015,0.16666666666666666,0.16666666666666666,0.6666666666666666
12/07/2015,0.25,0.0,0.75
12/08/2015,0.0,0.0,1.0
12/09/2015,0.23076923076923078,0.07692307692307693,0.6923076923076923
12/10/2015,0.2,0.2,0.6
12/11/2015,0.0,0.0,1.0
5/20/2015,0.3333333333333333,0.3333333333333333,0.3333333333333333
12/12/2015,0.0,0.25,0.75
12/13/2015,0.0,0.0,1.0
12/14/2015,0.0,1.0,0.0
12/15/2015,0.0,0.0,1.0
12/16/2015,0.0,0.0,1.0
12/17/2015,0.14285714285714285,0.14285714285714285,0.7142857142857143
12/18/2015,0.0,0.0,1.0
12/19/2015,0.0,0.0,1.0
12/20/2015,0.0,0.0,1.0
12/21/2015,0.0,0.2857142857142857,0.7142857142857143
5/21/2015,0.5,0.0,0.5
12/22/2015,0.3333333333333333,0.0,0.6666666666666666
12/23/2015,0.3333333333333333,0.6666666666666666,0.0
12/24/2015,0.0,0.6666666666666666,0.3333333333333333
12/25/2015,0.25,0.0,0.75
12/26/2015,0.0,0.3333333333333333,0.6666666666666666
12/27/2015,0.0,1.0,0.0
12/28/2015,0.5,0.5,0.0
12/29/2015,0.5,0.0,0.5
12/30/2015,0.2857142857142857,0.14285714285714285,0.5714285714285714
12/31/2015,0.0,1.0,0.0
5/22/2015,0.3333333333333333,0.0,0.6666666666666666
1/01/2016,0.0,0.5,0.5
1/02/2016,0.0,0.0,1.0
1/03/2016,0.0,0.08333333333333333,0.9166666666666666
1/04/2016,0.0,0.0,1.0
1/05/2016,0.0,0.0,1.0
1/06/2016,0.16666666666666666,0.16666666666666666,0.6666666666666666
1/07/2016,0.0,0.0,1.0
1/08/2016,0.0,0.0,1.0
1/08/2016,0.0,0.0,1.0
1/09/2016,0.0,0.0,1.0
5/23/2015,0.3333333333333333,0.3333333333333333,0.3333333333333333
1/10/2016,0.0,0.25,0.75
1/11/2016,0.0,0.0,1.0
1/12/2016,0.0,0.0,1.0
1/13/2016,0.0,0.0,1.0
1/14/2016,0.0,0.0,1.0
1/15/2016,0.0,0.0,1.0
1/16/2016,0.25,0.25,0.5
1/15/2016,0.0,0.0,1.0
1/16/2016,0.25,0.25,0.5
1/17/2016,0.0,0.3333333333333333,0.6666666666666666
5/24/2015,0.6666666666666666,0.0,0.3333333333333333
1/18/2016,0.125,0.125,0.75
1/19/2016,0.0,0.0,1.0
1/20/2016,0.0,0.0,1.0
1/21/2016,0.0,0.0,1.0
1/22/2016,0.16666666666666666,0.0,0.8333333333333334
1/23/2016,0.0,0.0,1.0
2/09/2016,0.0,0.0,1.0
2/10/2016,0.3333333333333333,0.0,0.6666666666666666
2/11/2016,0.0,0.0,1.0
2/12/2016,0.0,0.0,1.0
5/25/2015,0.0,0.0,1.0
2/13/2016,0.0,0.0,1.0
2/14/2016,0.0,0.0,1.0
2/15/2016,1.0,0.0,0.0
2/16/2016,0.5,0.0,0.5
2/17/2016,0.0,0.14285714285714285,0.8571428571428571
2/18/2016,0.25,0.0,0.75
2/19/2016,0.0,0.0,1.0
2/20/2016,0.0,0.2857142857142857,0.7142857142857143
2/21/2016,0.16666666666666666,0.5,0.3333333333333333
2/22/2016,0.0,0.0,1.0
5/26/2015,0.0,0.0,1.0
2/23/2016,0.25,0.125,0.625
2/24/2016,0.0,0.0,1.0
2/25/2016,0.0,0.0,1.0
2/26/2016,0.09090909090909091,0.09090909090909091,0.8181818181818182
2/29/2016,0.0,0.0,1.0
3/01/2016,0.0,0.5,0.5
2/29/2016,0.0,0.0,1.0
3/01/2016,0.0,0.5,0.5
3/02/2016,0.3333333333333333,0.3333333333333333,0.3333333333333333
3/03/2016,0.0,0.0,1.0
4/30/2015,0.0,0.0,1.0
5/27/2015,0.0,0.0,1.0
3/08/2016,1.0,0.0,0.0
3/09/2016,0.0,0.0,1.0
3/10/2016,0.0,0.0,1.0
3/11/2016,0.0,0.0,1.0
3/12/2016,0.2222222222222222,0.2222222222222222,0.5555555555555556
3/13/2016,0.14285714285714285,0.0,0.8571428571428571
3/14/2016,0.0,0.0,1.0
3/15/2016,0.0,0.0,1.0
3/16/2016,0.0,0.5,0.5
3/17/2016,0.3333333333333333,0.3333333333333333,0.3333333333333333
5/28/2015,0.3333333333333333,0.0,0.6666666666666666
3/18/2016,0.125,0.125,0.75
3/19/2016,1.0,0.0,0.0
3/20/2016,0.0,0.0,1.0
3/21/2016,0.0,0.0,1.0
3/22/2016,0.25,0.0,0.75
3/23/2016,0.23076923076923078,0.07692307692307693,0.6923076923076923
3/24/2016,0.0,0.0,1.0
3/25/2016,0.2222222222222222,0.0,0.7777777777777778
3/26/2016,0.0,0.0,1.0
3/27/2016,0.3333333333333333,0.3333333333333333,0.3333333333333333
5/29/2015,0.1,0.2,0.7
3/28/2016,0.0,0.0,1.0
3/29/2016,0.0,0.25,0.75
3/30/2016,0.0,0.0,1.0
3/31/2016,0.0,0.0,1.0
4/01/2016,0.0,0.0,1.0
4/02/2016,0.0,0.0,1.0
4/03/2016,0.2,0.0,0.8
4/04/2016,0.0,0.0,1.0
4/05/2016,0.3333333333333333,0.3333333333333333,0.3333333333333333
4/06/2016,0.5,0.0,0.5
5/30/2015,0.0,0.0,1.0
5/31/2015,0.0,0.0,1.0
6/01/2015,0.2,0.4,0.4
6/02/2015,0.0,0.0,1.0
6/03/2015,0.3333333333333333,0.3333333333333333,0.3333333333333333
6/04/2015,0.25,0.0,0.75
6/05/2015,0.3333333333333333,0.3333333333333333,0.3333333333333333
5/01/2015,0.0,0.0,1.0
6/06/2015,0.0,0.0,1.0
6/07/2015,0.5,0.5,0.0
6/08/2015,0.1111111111111111,0.2222222222222222,0.6666666666666666
6/09/2015,1.0,0.0,0.0
6/10/2015,0.2,0.0,0.8
6/11/2015,0.5,0.0,0.5
6/12/2015,0.3333333333333333,0.0,0.6666666666666666
6/13/2015,0.0,0.0,1.0
6/14/2015,0.0,0.0,1.0
6/15/2015,0.0,0.0,1.0
5/02/2015,0.0,0.0,1.0
6/16/2015,0.3333333333333333,0.0,0.6666666666666666
6/17/2015,0.0,0.0,1.0
6/18/2015,0.3333333333333333,0.3333333333333333,0.3333333333333333
6/19/2015,0.0,0.0,1.0
6/20/2015,0.0,0.0,1.0
6/21/2015,0.3333333333333333,0.3333333333333333,0.3333333333333333
6/22/2015,0.25,0.0,0.75
6/23/2015,0.3333333333333333,0.3333333333333333,0.3333333333333333
6/24/2015,0.06666666666666667,0.0,0.9333333333333333
6/25/2015,0.18181818181818182,0.0,0.8181818181818182
5/03/2015,0.0,0.0,1.0
6/26/2015,0.0,0.3333333333333333,0.6666666666666666
6/27/2015,0.2857142857142857,0.0,0.7142857142857143
6/28/2015,0.0,0.2,0.8
6/29/2015,0.3333333333333333,0.3333333333333333,0.3333333333333333
6/30/2015,0.3333333333333333,0.0,0.6666666666666666
7/01/2015,0.3333333333333333,0.3333333333333333,0.3333333333333333
7/02/2015,0.16666666666666666,0.16666666666666666,0.6666666666666666
7/03/2015,0.0,0.0,1.0
7/04/2015,0.0,0.5,0.5
7/05/2015,0.25,0.25,0.5
5/04/2015,0.25,0.0,0.75
7/06/2015,0.0,0.0,1.0
7/07/2015,0.0,0.0,1.0
7/08/2015,0.14285714285714285,0.42857142857142855,0.42857142857142855
7/09/2015,0.2857142857142857,0.14285714285714285,0.5714285714285714
7/10/2015,0.0,0.25,0.75
7/11/2015,0.0,0.0,1.0
7/12/2015,0.25,0.16666666666666666,0.5833333333333334
7/13/2015,0.125,0.0,0.875
7/14/2015,0.0,0.0,1.0
7/15/2015,0.0,0.0,1.0
5/05/2015,0.0,0.0,1.0
7/16/2015,0.0,0.0,1.0
7/17/2015,0.25,0.0,0.75
7/18/2015,0.0,0.0,1.0
7/19/2015,0.0,0.0,1.0
7/20/2015,0.0,0.0,1.0
7/21/2015,0.0,0.3333333333333333,0.6666666666666666
7/22/2015,0.3333333333333333,0.3333333333333333,0.3333333333333333
7/23/2015,0.05555555555555555,0.5,0.4444444444444444
7/24/2015,0.0,0.3333333333333333,0.6666666666666666
7/25/2015,0.16666666666666666,0.16666666666666666,0.6666666666666666
5/06/2015,1.0,0.0,0.0
7/26/2015,0.3333333333333333,0.3333333333333333,0.3333333333333333
7/27/2015,0.0,0.0,1.0
7/28/2015,0.0,0.5,0.5
7/29/2015,0.0,0.0,1.0
7/30/2015,0.25,0.25,0.5
7/31/2015,0.0,0.4,0.6
8/01/2015,0.2,0.6,0.2
8/02/2015,0.0,0.0,1.0
8/03/2015,0.0,0.0,1.0
8/04/2015,0.0,0.0,1.0
